Station id	Station name	Sample date	Alk_4.5	ANC	Ca	Cl	DOC	Farge	K	Konduktivitet	Mg	Na	NH4-N	Nitrogen part	NO3+NO2-N	NO3-N	pH	PO4-P	POC	Si	SiO2	SO4	STS	Temperatur	TOC	TOTN	TOTP	TOTP_P	TSM	Turbiditet	Ag	As	Cd	Cd-filt	Cr	Cu	Hg	Hg-filt	Ni	Ni-filt	Pb	Pb-filt	Zn
40352	Drammenselva	03.01.2023 14:35	0.223	232	4.46	1.89	3.2	18	0.46	3.85	0.64	1.58	< 2	25.8		250	7	1	239	1.55	3.22	2.52	1.5	0.7	3.3	390	4	3	0.83	0.81													
40352	Drammenselva	06.02.2023 14:45	0.229	220	4.51	2.36	2.9	16	0.44	4.06	0.66	1.69	15	20		270	7.03	< 1	204	1.59	3.17	2.8	1.7	0.7	2.9	410	3	2.7	0.88	0.5	< 0.002	0.11	0.004		0.11	0.53	0.872		0.39		0.062		1.8
40352	Drammenselva	07.03.2023 13:00	0.22	212	4.26	2.27	2.5	14	0.45	3.82	0.63	1.73	24	13.4		250	7.02	2	161	1.33	3	2.73	1.4		2.4	360	3.7	3.6	1.8	0.68													
40352	Drammenselva	11.04.2023 12:20	0.301	293	6.41	3.57	3.4	19	0.71	5.53	0.96	2.34	20	96.9		720	7.12	27	752	2.38	5.47	3.56	29	2.3	3.4	870	39	26	14.7	13													
40352	Drammenselva	02.05.2023 12:00	0.24	231	4.75	2.57	4.1	22	0.53	4.19	0.67	1.88	6	14.1		310	7.05	2	125	1.55	3.43	2.99	1.7	4.2	4.1	460	5.1	3.5	2.08	1.4	< 0.002	0.14	0.011		0.17	0.96	1.66		0.58		0.099		2.9
40352	Drammenselva	22.05.2023 11:30	0.202	198	3.87	1.72	3.7	22	0.43	3.24	0.54	1.37	< 2	37.1		170	6.96	4	366	1.5	3.22	2.39	5.4	7.5	3.7	370	8.9	7.6	4.33	2													
40352	Drammenselva	30.05.2023 07:10	0.205	197	3.88	1.75	3.5	21	0.45	3.46	0.57	1.39	< 2	30.5		200	6.96	3	286	1.44	3.09	2.47	4	7.1	3.6	370	5.7	4.3	2.96	1.3													
40352	Drammenselva	05.06.2023 12:00	0.216	202	3.94	1.7	3.5	21	0.46	3.57	0.6	1.35	< 2	< 13		200	7.16	2	370	1.46	3.2	2.53	2.8	10.8	3.6	360	5.9	4.7	2.26	0.86													
40352	Drammenselva	12.06.2023 11:00	0.218	202	3.93	1.92	3.8	21	0.47	3.59	0.58	1.48	< 2	27.7		170	7.05	3	345	1.4	3.26	2.51	5.6	14.7	3.8	350	6.8	4.9	3.24	1.2													
40352	Drammenselva	26.06.2023 09:00	0.207	184	3.39	1.62	3.3	18	0.43	3.12	0.55	1.31	< 2	51.4		81	7.06	1	340	1.2	2.65	2.23	1.5	18.7	3.4	310	5.2	3.7	1.4	0.87													
40352	Drammenselva	03.07.2023 11:15	0.224	215	3.9	1.74	3.3	17	0.48	3.54	0.61	1.43	< 2	55.8		46	7.19	3	288	1.3	2.77	2.49	3.3	18.1	3.5	330	6	6.5	2.72	2.3													
40352	Drammenselva	06.08.2023 12:30	0.213	204	3.84	1.42	3.6	20	0.43	3.25	0.58	1.2	< 2	59.3		140	7.16	1	210	1.24	2.68	2.34	2.5	18.2	3.6	320	4.5	3.9	1.6	0.88	< 0.002	0.13	0.004		0.1	0.6	0.98		0.41		0.064		0.93
40352	Drammenselva	11.08.2023 10:00	0.184	121	2.23	1.23		33	0.41	2.72	0.47	1.07	13			130	6.94	23		1.28	3.66	2.04			4.6	340	33			14	< 0.002	0.2	0.008		0.38	1.11			0.68		0.475		2.7
40352	Drammenselva	11.08.2023 10:10	0.177	124	2.29	1.2		32	0.4	2.7	0.47	1.05	10			130	6.95	22		1.39	3.6	1.98			4.7	340	33			14	< 0.002	0.21	0.008		0.4	1.36			0.83		0.454		3.4
40352	Drammenselva	11.08.2023 10:20	0.181	128	2.35	1.29		32	0.42	2.79	0.48	1.12	12			130	6.94	26		1.28	4.04	2.02			4.8	340	38			12	< 0.002	0.2	0.01		0.43	1.24			0.7		0.646		3.2
40352	Drammenselva	11.08.2023 10:21					4.7							57.6					632				31.5														2.66						
40352	Drammenselva	29.08.2023 07:55	0.177		3.69	1.26	6.5		0.49	3.06	0.53	1.13	< 2	63	175		7.03	27	699	2.04	4.15	2.2	20.6		6.7	380	28			10	< 0.002	0.36	0.012		0.51	1.8	5.67		1.27		0.698		4.6
40352	Drammenselva	29.08.2023 08:00	0.172		3.64	1.23	6.6	48	0.49	3.02	0.53	1.11	12	64.7	175		6.98	15	651	2.02	3.47	2.17	19.7		6.5	390	29			9.3	< 0.002	0.37	0.012		0.49	1.73	5.46		1.24		0.623		4.2
40352	Drammenselva	29.08.2023 08:05	0.176		3.82	1.31	6.7	47	0.5	3.12	0.53	1.18	< 2	71.5	175		6.99	17	797	2.02	4	2.2	19.4		6.7	420	28			9.7	< 0.002	0.35	0.014		0.5	1.78	5.08		1.21		0.631		4.5
40352	Drammenselva	11.09.2023 11:45	0.207		4.28	1.66	5	34	0.51	3.66	0.63	1.38	4	29	215		7.07	4	221	1.48	3.38	2.55	2.5	16.2	5.4	390	8.8	6.7	3.66	2													
40352	Drammenselva	02.10.2023 11:40	0.209		4.31	1.73	5.1	33	0.52	3.7	0.64	1.44	7	35.2	240		7.11	3	181	1.6	3.4	2.41	3	12.6	4.9	400	7.2	5.2	2.58	1.8	< 0.002	0.17	0.006		0.18	0.93	1.66		0.57		0.107		2
40352	Drammenselva	06.11.2023 13:00	0.292		6.57	2.69	5.1	34	0.81	5.53	0.94	1.99	6	34.7	580		7.23	7	270	2.08	4.17	3.58	1.3	5.5	5.3	790	14	9.8	3.9	4.6													
40352	Drammenselva	04.12.2023 13:15	0.191		4.04	1.84	3.9	23	0.48	3.55	0.61	1.5	< 2	20.5	255		7.01	2	161	1.52	3.25	2.6	1.3	0.1	4	370	4.6	3	1.13	0.73													
40353	Skienselva	02.01.2023 17:00	0.125	109	2.23	1.54	3.1	20	0.24	2.1	0.28	1.16	14	32.6		170	6.7	1	306	1.19	2.58	1.27	1.2		3.2	270	5	3	1.11	0.79													
40353	Skienselva	06.02.2023 17:00	0.113	98	1.94	1.48	2.8	18	0.22	1.93	0.26	1.1	9	51.1		140	6.65	1	486	1.3	2.5	1.06	< 1.1		2.9	230	3	2.5	0.87	0.38	< 0.002	0.082	0.011		0.083	0.72	1.35		0.2		0.085		3
40353	Skienselva	06.03.2023 16:50	0.116	104	1.97	1.3	2.8	16	0.21	1.89	0.26	1.06	9	13.9		130	6.69	1	159	1.13	2.51	1.04	< 0.7		2.8	230	3.3	2.5	0.86	0.36													
40353	Skienselva	11.04.2023 17:00	0.131	123	2.32	1.47	3	18	0.24	2.19	0.28	1.22	7	44.3		140	6.78	3	373	1.25	2.83	1.13	3.4		3	270	6.6	6.3	2.05	0.92													
40353	Skienselva	08.05.2023 15:00	0.123	106	2.08	1.41	2.7	15	0.23	1.99	0.25	1.09	< 2	14.8		140	6.76	1	282	1.14	2.53	1.07	1.9		2.7	260	3.8	3.2	1.33	0.47	< 0.002	0.1	0.01		0.14	1.71	1.4		0.22		0.13		8.3
40353	Skienselva	05.06.2023 13:55	0.121	109	1.96	1.43	3.3	16	0.42	2	0.26	1.12	180	43.5		120	6.73	2	400	1.09	2.42	1	1.5		3.6	600	5.1	3.9	1.29	0.5													
40353	Skienselva	03.07.2023 08:46	0.116	108	1.85	1.15	2.7	13	0.27	1.82	0.23	0.97	< 2	80.5		< 2	6.8	3	512	0.946	2.08	0.94	1.6		2.8	260	4.9	2.7	1.48	0.43													
40353	Skienselva	07.08.2023 20:00	0.118	100	1.81	1.03	2.5	14	0.21	1.45	0.21	0.93	18	38		52	6.83	2	348	0.847	1.91	1.01	1.7		2.6	200	5.5	5.2	1.7	0.7	< 0.002	0.09	0.015		0.18	3.05	1.54		0.31		0.266		5.8
40353	Skienselva	04.09.2023 15:00	0.105		1.79	0.95	3.1	18	0.2	1.71	0.22	0.85	19	23.5	91		6.78	2	318	0.935	2.06	0.91	< 1.3		3.1	200	3.3	2.8	1.27	0.55													
40353	Skienselva	02.10.2023 16:00	0.105		1.9	0.97	3.6	24	0.23	1.77	0.25	0.88	18	29.2	97		6.73	2	243	1.04	2.25	0.87	1.4		3.8	240	3.9	3.1	1.16	0.81	< 0.002	0.095	0.011		0.16	0.75	1.35		0.24		0.144		6.2
40353	Skienselva	06.11.2023 16:00	0.113		2.06	1.17	3.3	20	0.24	1.97	0.27	1	9	< 21.7	133		6.76	2	213	1.15	2.39	0.99	1.4		3.6	250	4.5	4.2	1.25	0.77													
40353	Skienselva	04.12.2023 17:00	0.112		1.95	1.13	2.9	18	0.2	1.83	0.24	0.96	< 2	35.8	133		6.64	< 1	293	1.09	2.29	1.02	1.3		3.1	220	3.4	3.3	0.81	0.49													
40354	Otra	02.01.2023 14:10	0.064	39	1.04	3.18	3.7	30	0.18	1.97	0.24	1.96	24	35.7		110	6.11	< 1	353	0.95	2.06	1.21	1.8		3.8	240	4	4	0.85	0.49													
40354	Otra	06.02.2023 12:30	0.067	44	0.955	2.07	2.7	20	0.15	1.52	0.21	1.34	15	18.6		71	6.21	< 1	233	0.971	1.95	0.93	< 1		2.8	170	3	2.2	0.66	0.33	< 0.002	0.098	0.01		0.073	0.35	1.22		0.38		0.18		2.2
40354	Otra	06.03.2023 11:50	0.065	29	0.927	2.33	2.7	19	0.17	1.39	0.21	1.27	12	13.6		88	6.21	< 1	133	0.883	1.93	1.05	< 0.5		3.1	240	3.2	2	0.64	< 0.3													
40354	Otra	11.04.2023 12:30	0.071	50	0.985	1.73	2.3	15	0.14	1.44	0.17	1.2	10	35		64	6.34	< 1	193	0.889	1.93	0.77	1		2.4	170	3	2.1	0.91	< 0.3													
40354	Otra	15.05.2023 09:45	0.08	61	1.14	1.58	2.9	20	0.16	1.43	0.17	1.14	29	22.9		56	6.4	< 1	182	0.734	1.67	0.73	1.3		3	220	3	2.4	0.99	0.37	< 0.002	0.1	0.012		0.077	0.41	1.86		0.34		0.191		3
40354	Otra	05.06.2023 12:36	0.077	56	1.02	1.35	2.2	13	0.13	1.21	0.17	0.98	5	31.2		42	6.55	< 1	485	0.658	1.49	0.67	1		2.3	140	2.6	1.7	1.04	< 0.3													
40354	Otra	02.07.2023 11:51	0.071	49	0.853	1.51	2.2	12	0.15	1.29	0.17	1.08	< 2	29.5		24	6.44	1	271	0.543	1.28	0.66	1.7		2.4	150	2.4	1.9	2.13	0.37													
40354	Otra	07.08.2023 16:22	0.068	48	0.863	1.39	2.2	13	0.12	1.23	0.16	0.97	10	29.3		21	6.39	< 1	245	0.412	0.95	0.59	1.3		2.3	140	2.8	2.2	2.06	0.46	< 0.002	0.054	0.005		0.053	0.34	0.92		0.31		0.105		1.8
40354	Otra	04.09.2023 10:13	0.062		0.852	1.32	3.2	19	0.11	1.21	0.15	0.96	6	24	31		6.39	< 1	245	0.52	1.15	0.58	1		3.3	140	2.9	2	1.13	0.41													
40354	Otra	02.10.2023 12:50	0.061		1.05	1.59	5.3	40	0.17	1.5	0.21	1.14	10	36.9	57		6.17	2	383	0.806	1.77	0.72	2		5.6	240	4.8	3.9	1.3	0.64	0.006	0.21	0.021		0.13	0.7	1.92		0.8		0.363		3.4
40354	Otra	06.11.2023 12:35	0.057		1.1	2.69	4.7	38	0.22	1.95	0.26	1.75	13	35.6	89		5.97	2	413	0.96	2.1	0.88	1.4		5	250	6	5.5	1.68	1													
40354	Otra	04.12.2023 11:35	0.061		0.851	1.34	2.7	17	0.12	1.25	0.16	0.98	13	20.6	66		6.28	< 1	178	0.803	1.78	0.73	0.9		2.8	150	2.5	1.6	0.5	< 0.3													
40355	Numedalsl†gen	01.01.2023 15:30	0.173	153	3.54	5.44	5.2	39	0.62	4.61	0.74	3.5	35	40.4		500	6.75	10	557	2.53	4.86	3.03	6		5.4	680	18	14	9.38	6.1													
40355	Numedalsl†gen	06.02.2023 15:00	0.171	159	3.35	2.82	3.5	25	0.36	3.38	0.44	1.95	63	28.4		180	6.78	2	248	2	3.94	2.21	1.4		3.5	350	5	3.7	2.02	0.93	< 0.002	0.13	0.009		0.12	0.57	1.3		0.35		0.148		4.8
40355	Numedalsl†gen	06.03.2023 14:15	0.175	170	3.35	2.67	3.1	20	0.37	3.3	0.44	2.02	43	22.6		170	6.83	4	226	1.79	3.88	2.08	1.4	0.5	3.1	330	6.2	3.7	1.81	1.3													
40355	Numedalsl†gen	10.04.2023 11:00	0.19	172	3.57	3.38	2.9	18	0.43	3.85	0.49	2.4	27	57.3		240	7.01	13	397	1.9	4.4	2.38	11.8		3	410	20	20	9.16	2.7													
40355	Numedalsl†gen	02.05.2023 12:00	0.156	152	3.03	2.72	6.2	48	0.47	3.27	0.45	2.09	9	34.3		250	6.73	4	298	1.92	4.39	2.16	2.9		6.2	470	7.6	4.9	3.01	2.5	0.008	0.19	0.02		0.2	0.9	2.85		0.43		0.216		4.9
40355	Numedalsl†gen	05.06.2023 14:20	0.122	116	2.06	1.34	4.6	36	0.33	2.05	0.31	1.1	12	26.7		88	6.73	4	480	1.38	3.06	1.19	4.5		4.6	270	9.5	6.3	4.45	1.3													
40355	Numedalsl†gen	02.07.2023 15:50	0.14	131	2.24	1.34	2.9	17	0.33	2.18	0.31	1.19	< 2	72.2		< 2	6.89	10	590	1.34	2.91	1.38	12.7		3.1	210	15	11	9.92	1.6													
40355	Numedalsl†gen	06.08.2023 13:00	0.144	136	2.44	1.22	4.2	30	0.3	2.24	0.3	1.09	< 2	33.8		54	6.84	3	352	1.35	2.85	1.29	2.8		4.3	250	7.3	6.3	3.6	1.6	< 0.002	0.14	0.006		0.15	0.62	1.75		0.36		0.176		2
40355	Numedalsl†gen	03.09.2023 14:45	0.13		2.49	1.06	5.8	42	0.31	2.16	0.3	1.06	9	50.8	58		6.84	4	367	1.48	3.22	1.19	5		5.7	240	9.1	7	4.16	1.5													
40355	Numedalsl†gen	01.10.2023 11:00	0.144		2.78	1.48	6.1	46	0.38	2.58	0.38	1.31	20	28.4	122		6.87	3	293	1.72	3.64	1.41	3		5.9	310	7	5.4	2.25	1.5	< 0.002	0.16	0.012		0.16	0.74	2.17		0.38		0.198		2.9
40355	Numedalsl†gen	05.11.2023 14:00	0.168		3.36	3.39	7.1	50	0.76	4.04	0.77	2.75	28	64.5	480		6.85	12	569	2.58	5.31	2.23	9.7		7.4	770	24	16	10.6	6.2													
40355	Numedalsl†gen	03.12.2023 13:30	0.146		2.97	1.54	3.2	21	0.36	2.62	0.34	1.31	9	58.2	136		6.75	16	440	1.8	3.84	1.73	17.9		3.6	380	27	5.8	7.36	2.3													
40356	Glomma ved Sarpsfoss	02.01.2023 05:10	0.276	286	5.62	3.73	4.4	34	0.91	5.61	1.1	2.7	2	106		590	7.1	26	853	2.35	4.24	3.78	22.7	0.4	4.6	800	43	30	24.1	20													
40356	Glomma ved Sarpsfoss	06.02.2023 05:10	0.275	253	5.28	3.95	4.2	31	0.75	5.11	0.96	2.53	43	30.6		380	6.99	5	272	2.04	4.28	3.84	2.5	0	4.2	550	11	7	3.56	3.9	< 0.002	0.15	0.008		0.23	1.11	1.54		0.73		0.167		2.5
40356	Glomma ved Sarpsfoss	07.03.2023 06:10	0.295	289	5.77	4.26	3.6	26	0.8	5.52	1.02	2.85	40	< 32.5		360	7.14	5	269	1.97	4.24	3.9	3.6	0.1	3.6	550	12	6.9	5.04	5.4													
40356	Glomma ved Sarpsfoss	11.04.2023 05:30	0.303	312	5.94	4.52	3.9	30	0.87	5.98	1.11	3.17	35	66.8		420	7.1	11	371	2.07	4.71	3.75	10.3	3	3.9	650	19	14	9.96	8.9													
40356	Glomma ved Sarpsfoss	02.05.2023 06:00	0.245	247	4.9	3.67	6.2	52	0.95	4.97	0.97	2.52	6	55.3		490	6.92	19	443	2.43	5.69	3.48	12.7	3.3	6.2	790	32	20	19	14	0.004	0.22	0.017		0.6	1.76	3.83		1.31		0.418		4.9
40356	Glomma ved Sarpsfoss	22.05.2023 12:40	0.205	212	3.77	1.39	6	46	0.65	3.19	0.6	1.19	< 2	66.3		120	6.87	10	559	1.86	3.79	2.21	9.9	8.6	6	370	21	13	4.6	4.2													
40356	Glomma ved Sarpsfoss	30.05.2023 12:40	0.212	210	3.86	1.19	4.1	31	0.6	3.21	0.59	1.03	< 2	47.8		130	6.98	7	544	1.61	3.22	2.32	14	9.6	4.3	340	17	11	11.9	4													
40356	Glomma ved Sarpsfoss	05.06.2023 04:20	0.234	228	4.35	1.45	3.7	25	0.62	3.72	0.66	1.19	< 2	21.8		170	7.17	4	654	1.47	3.28	2.76	4.2	10.4	3.7	370	9.5	9.5	5.52	2.4													
40356	Glomma ved Sarpsfoss	14.06.2023 11:30	0.264	270	5.14	1.59	2.8	17	0.67	4.07	0.74	1.3	< 2	41.9		120	7.15	4	319	1.48	3.27	3.26	4.1	15.1	3	380	9.6	7.2	4.15	1.4													
40356	Glomma ved Sarpsfoss	26.06.2023 11:00	0.3	272	5.32	1.63	2.5	13	0.69	4.41	0.77	1.3	< 2	26.4		150	7.34	7	204	1.31	2.99	3.58	4.5	18.6	2.5	380	9.8	7.7	4.49	2.5													
40356	Glomma ved Sarpsfoss	10.07.2023 05:10	0.301	277	5.42	1.79	2.2	11	0.74	4.5	0.76	1.38	< 2	63.3		130	7.28	3	231	1.24	2.75	3.63	3.7	17.7	2.3	390	8.3	7.9	3.21	1.9													
40356	Glomma ved Sarpsfoss	09.08.2023 04:25	0.266	253	4.76	1.78	4.7	28	0.77	4.28	0.82	1.49	< 2	79.4		260	7.15	16	697	1.74	3.92	3.23	18.5	16.5	4.8	560	26	17	27	7.7	< 0.002	0.21	0.014		0.59	1.98	2.02		1.25		0.5		3.2
40356	Glomma ved Sarpsfoss	11.08.2023 12:45	0.288	171	3.18	2.23		33	0.9	4.75	0.92	1.79	18			350	7.17	29		1.25	4.49	3.65			5.1	640	51			30	< 0.002	0.15	0.007		0.46	1.53			1.05		0.368		2.8
40356	Glomma ved Sarpsfoss	11.08.2023 12:50	0.283	175	3.25	2.23		31	0.9	4.74	0.91	1.82	19			350	7.18	32		1.3	4.94	3.68			5	640	51			27	< 0.002	0.15	0.009		0.47	1.61			0.99		0.38		2.8
40356	Glomma ved Sarpsfoss	11.08.2023 13:00	0.283	171	3.19	2.23			0.9	4.76	0.92	1.79	20			350	7.17	32		1.25	4.9	3.67			5.1	640	52			28	< 0.002	0.15	0.008		0.48	1.58			1.07		0.415		2.7
40356	Glomma ved Sarpsfoss	11.08.2023 13:01					4.9							85.1					698				31.5														2.96						
40356	Glomma ved Sarpsfoss	29.08.2023 10:00	0.229		4.92	1.65	6.3	49	0.78	4.18	0.77	1.36	< 2	85.2	265		7.22	19	725	1.99	4.26	3.17	16		6.6	530	33			11	< 0.002	0.25	0.014		0.58	2.22	4.9		1.3		0.463		3.7
40356	Glomma ved Sarpsfoss	29.08.2023 10:05	0.229		4.92	1.64	6.4	51	0.78	4.12	0.76	1.35	< 2	56.6	270		7.16	19	601	2	3.8	3.16	15.1		6.6	530	32			11	< 0.002	0.25	0.011		0.54	2.24	4.92		1.27		0.462		3.8
40356	Glomma ved Sarpsfoss	29.08.2023 10:10	0.229		4.93	1.64	6.4	50	0.78	4.14	0.76	1.37	< 2	77.8	270		7.17	19	627	2.03	3.79	3.15	15.7		6.7	520	33			11	< 0.002	0.27	0.009		0.57	2.25	4.77		1.31		0.459		3.7
40356	Glomma ved Sarpsfoss	05.09.2023 05:35	0.224		4.81	1.42	5.6	44	0.67	3.91	0.73	1.26	3	50.4	215		7.15	8	398	1.7	3.81	2.93	7.7	15.4	5.4	400	15	12	7.96	3.6													
40356	Glomma ved Sarpsfoss	03.10.2023 04:50	0.231		5.08	1.76	6	48	0.79	4.28	0.86	1.49	< 2	37.6	325		7.13	7	339	1.87	4.02	3.17	5.3	11	6.2	510	13	10	4.98	2.9	< 0.002	0.17	0.009		0.26	1.84	1.96		0.85		0.194		2.3
40356	Glomma ved Sarpsfoss	07.11.2023 06:45	0.259		5.53	2.55	5.4	44	0.85	4.9	0.99	1.91	< 2	41.9	445		7.03	7	359	2.09	4.28	3.57	5	5.5	5.6	640	16	12	5.82	5.4													
40356	Glomma ved Sarpsfoss	04.12.2023 06:00	0.261		5.82	2.93	5.6	44	0.85	5.26	1.05	2.16	< 2	38.8	415		7.13	6	296	2.31	4.65	4.06	4.1	0.1	5.8	620	12	6.8	3.87	4.3													
40357	Orkla	09.01.2023 11:00	0.445	380	8.45	2.99	1.6	10	0.83	6.09	0.78	1.6	12	17.8		200	7.43	2	255	1.44	2.93	4.7	3.3		1.7	240	5	3	2.48	0.31													
40357	Orkla	06.02.2023 11:20	0.55	528	11.5	3.51	2.4	15	0.83	8.15	1.05	2.23	7	13.8		260	7.45	1	142	1.84	3.45	6.39	1		2.5	360	4	2.5	0.48	< 0.3	< 0.002	0.094	0.066	0.069	0.17	3.78	0.633	0.367	0.7	0.71	0.018	0.01	17.4
40357	Orkla	06.03.2023 11:20	0.514	504	10.2	3.15	2.3	15	0.94	7.34	0.96	2.11	5	20.9		170	7.49	2	166	1.45	3.42	4.73	1.4		2.4	280	4	2.1	1.14	0.41													
40357	Orkla	11.04.2023 08:50	0.665	630	13.2	4.36	2.4	12	1.28	9.6	1.27	2.74	< 2	17.4		230	7.54	< 1	125	1.52	3.58	7	1		2.2	430	3.4	2.3	0.79	0.39													
40357	Orkla	02.05.2023 08:00	0.585	544	11.6	5.72	4.1	27	1.2	9.23	1.22	3.37	8	27.8		310	7.49	< 1	305	1.43	3.26	6.2	1.6		4.2	480	3.9	3.3	1.58	0.49	< 0.002	0.13	0.05	0.047	0.27	6.47	1.48	1.06	1.03	0.99	0.026	0.019	14.8
40357	Orkla	05.06.2023 09:40	0.302	333	6.65	2.53	3	23	0.6	4.9	0.63	1.81	< 2	16.6		84	7.17	1	253	1.19	2.55	3.24	1.2		3	230	3.2	2.4	1.08	< 0.3													
40357	Orkla	02.07.2023 20:00	0.427	421	7.9	2	3.8	24	0.84	5.69	0.7	1.72	< 2	34.7		49	7.54	1	233	1.17	2.53	3.22	1.3		3.8	250	4.2	3.4	< 1	0.47													
40357	Orkla	07.08.2023 14:00	0.368	354	6.56	1.89	4.1	30	0.68	4.92	0.64	1.6	< 2	42.6		36	7.36	1	398	1.32	2.82	2.76	3.2		4.1	230	6.1	5.1	3.44	0.67	< 0.002	0.15	0.048	0.013	0.38	3.42	1.41	1.05	0.83	0.67	0.047	0.015	9.7
40357	Orkla	04.09.2023 13:10	0.43		8.95	2.43	3.9	28	0.87	6.64	0.8	1.95	< 2	19.3	185		7.54	1	134	1.5	3.17	3.71	1		3.9	310	3.5	2.3	0.76	0.43													
40357	Orkla	02.10.2023 12:00	0.513		10.8	2.96	4.2	30	1.08	7.88	0.93	2.26	< 2	16.9	260		7.52	1	115	1.72	3.67	4.52	0.6		4.1	370	3.2	1.6	< 1	0.39	< 0.002	0.12	0.027	0.027	0.21	4.3	0.94	0.72	0.82	0.82	0.012	0.009	7.5
40357	Orkla	06.11.2023 14:00	0.585		13	3.45	2.5	13	1.39	9.25	1.13	2.36	< 2	< 21	405		7.5	< 1	139	2.11	4.37	6.1	0.6		2.5	490	3	2.2	0.92	0.41													
40357	Orkla	04.12.2023 13:30	0.447		9.06	1.46	2.3	12	1.04	6.19	0.73	1.27	< 2	19.9	111		7.45	1	134	1.44	2.96	3.43	1.3		2.3	200	3	2.1	0.73	0.51													
40358	Altaelva	02.01.2023 11:00	0.566	526	8.52	2.52	3.3	21	0.98	7.61	2.11	2.34	3	16.5		61	7.42	3	197	2.96	6.26	5.96	3.3		3.3	150	8	2	< 0.32	0.33													
40358	Altaelva	06.02.2023 12:10	0.603	590	9.43	2.66	3	20	1.02	8.05	2.27	2.53	< 2	8.7		63	7.37	3	99.4	3.23	7.4	5.93	1.6		3	160	5	1.9	1.97	< 0.3	< 0.002	0.13	< 0.003		0.27	0.45	0.628		0.28		0.016		0.29
40358	Altaelva	06.03.2023 13:00	0.625	594	9.5	1.96	2.9	19	1.06	8.11	2.3	2.25	2	7.51		73	7.36	2	64	3.3	7.5	6.4	< 1.1		2.9	160	4.4	1.7	1.05	< 0.3													
40358	Altaelva	11.04.2023 10:10	0.635	601	10.1	1.38	2.8	18	1.12	8.2	2.34	1.93	< 2	23.9		12	7.45	1	109	3.3	7.81	8.07	1		2.8	160	4.2	2.4	1.33	< 0.3													
40358	Altaelva	02.05.2023 10:20	0.769	754	12.5	4.62	2.7	15	1.58	11	2.72	3.81	< 2	40.6		41	7.57	12	188	3.21	7.27	7.98	1.1		2.6	230	14	4.9	0.99	< 0.3	< 0.002	0.11	< 0.003		0.24	0.49	0.913		0.28		0.017		0.22
40358	Altaelva	05.06.2023 07:40	0.436	415	6.19	3.37	3.8	29	0.97	6.25	1.5	2.65	< 2	71.3		< 2	7.3	4	406	1.89	4.24	2.97	5.3		4	170	11	6.5	8.1	0.67													
40358	Altaelva	03.07.2023 11:20	0.563	517	7.94	4.19	2.6	18	1.24	7.73	1.82	3.59	< 2	41.6		< 2	7.57	1	148	1.69	3.6	4.74	1.4		2.6	130	4.2	2.2	0.4	0.31													
40358	Altaelva	07.08.2023 09:30	0.501	472	7.46	1.78	2.5	13	1	6.37	1.63	1.94	< 2	23.9		< 2	7.47	1	155	1.65	3.57	4.5	1	14.3	2.5	140	3.2	2.7	< 1	< 0.3	< 0.002	0.094	< 0.003		0.13	0.48	0.7		0.24		0.01		0.16
40358	Altaelva	04.09.2023 10:50	0.447		7.41	1.77	3.1	15	0.96	6.44	1.64	1.91	< 2	35	20		7.5	2	229	1.71	3.82	4.35	1.8		2.9	140	4.2	3.2	1.19	0.34													
40358	Altaelva	02.10.2023 10:25	0.48		8.22	2.44	3.2	17	1.09	7.19	1.83	2.33	< 2	16.3	33		7.54	2	124	1.99	4.31	5.06	1.2		3.2	150	4.6	3	0.85	0.39	< 0.002	0.11	< 0.003		0.17	0.43	0.62		0.27		0.009		< 0.15
40358	Altaelva	05.11.2023 20:45	0.423		8.5	2.46	3	16	1.12	7.61	1.96	2.45	< 2	21.2	76		7.57	1	150	2.31	4.84	5.12	1		3.1	160	3.7	2.6	0.44	0.41													
40358	Altaelva	04.12.2023 13:20	0.487		8.9	2.96	2.9	17	1.1	7.1	2.14	2.82	< 2	23.6	75		7.35	3	151	2.5	4.46	5.51	0.9		2.9	170	5.2	2.1	0.73	0.32													
40360	Vefsna	02.01.2023 13:00	0.301	281	5.15	4.14	4.5	50	0.16	4.46	0.5	2.8	6	12.5		27	7.14	< 1	211	0.808	1.7	1.17	< 0.5		4.5	120	4	2	< 0.29	< 0.3													
40360	Vefsna	04.02.2023 14:30	0.61	581	10.7	4.63	2.9	27	0.3	7.79	0.96	3.02	< 2	30.1		57	7.59	< 1	192	0.939	1.91	1.74	1		2.9	140	3	2.9	0.74	< 0.3	< 0.002	0.1	0.004		0.16	0.37	1.62		0.24		0.067		0.7
40360	Vefsna	28.02.2023 14:00	0.298	254	5.48	8.04	3.4	32	0.25	5.75	0.65	4.13	20	26.9		28	7.08	< 1	257	0.706	1.59	1.47	0.9		3.4	220	6.5	3.2	1.37	0.61													
40360	Vefsna	11.04.2023 14:00	0.839	824	16.3	9.21	2.8	24	0.39	11.7	1.12	5.04	< 2	35.7		5	7.68	19	350	1.2	2.76	2.42	22.6		2.8	180	23	15	37.7	1.3													
40360	Vefsna	02.05.2023 10:00	0.711	683	12.1	4.94	2.4	17	0.42	8.86	1.49	2.84	< 2	30.2		7	7.69	2	180	0.761	1.7	1.81	1		2.3	130	3	2.2	5.49	0.64	< 0.002	0.12	< 0.003		0.15	0.81	1.15		0.44		0.107		1.3
40360	Vefsna	05.06.2023 17:00	0.345	311	5.45	2.74	1.5	11	0.25	4.31	0.68	1.7	< 2	41.9		7	7.34	1	157	0.527	1.2	0.92	2.2		1.6	75	2.6	1.7	2	< 0.3													
40360	Vefsna	03.07.2023 11:00	0.246	217	3.72	1.45	0.78	5	0.21	2.9	0.44	1.06	< 2	28.2		< 2	7.31	< 1	65.3	0.35	0.79	0.75	1.5		0.88	51	2.1	1.6	0.83	0.42													
40360	Vefsna	07.08.2023 10:00	0.31	353	6.02	1.37	1.2	5	0.28	4.31	0.69	1.19	< 2	17		5	7.52	< 1	133	0.482	1.04	1.16	1		1.2	78	2.8	2.5	< 1	0.66	< 0.002	0.12	0.003		0.081	0.44	0.44		0.32		0.043		0.79
40360	Vefsna	04.09.2023 11:00	0.466		9.1	1.93	1.1	5	0.38	5.82	1.08	1.54	5	20.3	32		7.69	< 1	127	0.688	1.32	1.61	< 1.3		1.2	96	4.9	2.7	3.48	0.37													
40360	Vefsna	28.09.2023 11:00	0.37		6.55	1.71	2.4	19	0.3	4.83	0.76	1.37	< 2	23.9	21		7.5	2	190	0.764	1.6	1.11	3.3		2.4	100	3.3	3.5	3.57	0.88	< 0.002	0.12	0.003		0.18	0.47	0.95		0.43		0.103		0.74
40360	Vefsna	05.11.2023 14:30	0.645		11.5	2.34	1.7	8	0.39	8.14	1.44	1.77	< 2	13.6	106		7.63	< 1	98.4	0.994	1.97	1.96	< 0.8		1.7	150	2.2	1.7	0.6	0.41													
40360	Vefsna	10.12.2023 13:00	0.795		14.6	2.94	1.2	5	0.46	10.1	1.86	2.16	19	49.4	155		7.72	2	432	1.12	2.26	2.59	4.6		1.4	230	4.6	5.2	6.52	0.7													
40361	Orreelva	02.01.2023 10:55	0.887	753	17.7	26.5	5.9	26	3.78	20.4	3.56	13.9	96	330		1140	7.6	20	2170	2.01	4.13	14.2	10.5		7.4	1800	76	59	9.42	7.6													
40361	Orreelva	06.02.2023 10:15	0.755	674	15.9	24.6	6.6	30	3.43	18.9	3.27	13.2	14	309		1610	7.65	23	1940	1.6	3.24	11.6	12.1		8	2000	65	53	10.4	6.1	< 0.002	0.27	0.012		0.26	1.91	1.75		1.19		0.382		4
40361	Orreelva	07.03.2023 13:40	0.804	776	16.8	23.3	6.2	27	3.5	18.8	3.32	13.2	< 2	344		1200	7.88	16	2620	0.161	0.42	12.3	13.9		8.9	1900	69	45	7.99	7.7													
40361	Orreelva	11.04.2023 08:45	0.85	846	17	22.4	5.4	21	3.48	19.6	3.33	13.7	< 2	261		990	7.65	9	1530	0.044	0.13	12.4	5.4		5.9	1500	43	34	5.8	2.3													
40361	Orreelva	02.05.2023 09:10	0.979	938	17.9	23.1	5.8	18	3.71	20.7	3.51	14	6	469		480	7.73	20	3090	0.11	0.3	12.6	14.6		8.5	1400	72	59	9.67	6.8	0.002	0.3	0.013		0.17	1.56	1.06		1.1		0.395		2.7
40361	Orreelva	05.06.2023 09:30	1.12	1048	19	24.4	6.6	19	3.68	21.9	3.8	14.7	< 2	246		< 2	7.9	5	2210	0.167	0.27	12.4	4.8		8.1	620	38	31	6.24	6.8													
40361	Orreelva	03.07.2023 08:45	1.34	1318	23.1	24.3	5.9	18	3.9	23.7	4.27	15.2	< 2	399		81	7.82	16	2340	1.09	2.28	12.3	8.3		7.5	740	60	52	7.27	5.9													
40361	Orreelva	07.08.2023 07:00	1.13	1070	18.6	23.6	5.9	16	3.82	21.2	3.83	14.3	99	744		< 2	7.8	15	5740	1.06	2.38	10.9	23.1		6.7	1100	74	63	25	10	< 0.002	0.5	0.009		0.25	2.67	0.84		1.42				14.4
40361	Orreelva	04.09.2023 07:05	0.926		17.6	22.1	6.8	19	3.63	20.2	3.55	13.2	260	488	19		7.87	12	3960	1.38	3.08	10.6	10		9.9	1000	60	50	11.5	9													
40361	Orreelva	02.10.2023 08:30	0.896		17.6	20.3	6.8	23	3.7	19.4	3.45	12.3	120	461	365		7.75	15	2660	1.68	3.53	10.5	9.6		9.6	1200	58	49	7.37	9.2	0.002	0.4	0.01		0.16	2.09	0.81		1.29		0.159		5.9
40361	Orreelva	07.11.2023 08:30	0.843		17.6	21.2	5.7	21	3.72	19.5	3.58	13.2	22	336	410		7.55	11	1960	0.648	1.42	11.9	10.7		6.3	1200	53	45	10	6.3													
40361	Orreelva	04.12.2023 10:30	0.837		17.7	22.4	7	20	3.61	20.3	3.54	13.5	< 2	325	1020		7.64	21	2190	1.22	2.48	12.5	14.2		7.3	1700	65	49	13.1	5													
40365	Nidelva(Tr.heim)	03.01.2023 09:00	0.233	212	3.97	2.72	2.3	17	0.4	3.5	0.61	1.62	2	8.56		100	7.15	1	180	0.988	2.1	1.61	0.9	1.1	2.3	160	4	2.5	0.95	0.37													
40365	Nidelva(Tr.heim)	08.02.2023 10:30	0.258	232	4.37	3.99	2.6	18	0.44	4.26	0.68	2.34	4	24.1		110	7.17	< 1	110	1.06	3.41	1.65	1.1	1.8	2.5	190	3	2.4	0.93	< 0.3	< 0.002	0.075	0.003	< 0.003	0.16	0.58	0.853	0.797	0.66	0.6	0.016	0.008	0.51
40365	Nidelva(Tr.heim)	08.03.2023 14:00	0.239	221	3.88	2.24	2.3	17	0.39	3.57	0.6	1.5	3	< 10		86	7.12	< 1	96.2	0.972	2.07	1.32	0.9	1.4	2.3	160	2.6	1.9	0.5	0.46													
40365	Nidelva(Tr.heim)	11.04.2023 13:50	0.367	330	6.33	5.58	2.5	18	0.76	6.08	0.98	3.12	17	56.3		190	7.29	12	313	1.85	4.26	2.43	15.4	2.7	2.6	350	19	10	17.4	11													
40365	Nidelva(Tr.heim)	02.05.2023 11:50	0.261	233	4.29	2.89	2.5	17	0.46	3.91	0.66	1.79	6	20.8		100	7.11	1	189	1.01	2.32	1.76	1.7	2.8	2.5	200	2.7	2.8	2.29	1.2	< 0.002	0.079	< 0.003	0.003	0.24	0.67	0.863	0.653	0.75	0.65	0.029	0.014	0.63
40365	Nidelva(Tr.heim)	05.06.2023 13:20	0.229	204	3.61	2.23	2.4	25	0.39	3.34	0.57	1.45	< 2	16		69	7.2	< 1	247	0.935	2.07	1.36	< 0.8	4.5	2.4	160	2.7	2	0.62	< 0.3													
40365	Nidelva(Tr.heim)	03.07.2023 08:30	0.215	190	3.32	2.05	2.1	13	0.4	3.01	0.51	1.33	< 2	33.6		28	7.16	< 1	163	0.823	1.84	1.25	1.2	12	2.1	210	2.3	2.3	0.8	0.4													
40365	Nidelva(Tr.heim)	07.08.2023 09:30	0.235	212	3.67	2.23	2.5	15	0.43	3.3	0.58	1.49	2	32.8		35	7.21	< 1	201	0.779	1.7	1.39	< 0.7	14.9	2.4	160	2.8	2.9	< 1	0.45	< 0.002	0.092	0.003	< 0.003	0.15	0.59	0.74	0.5	0.64	0.53	0.031	0.012	0.47
40365	Nidelva(Tr.heim)	04.09.2023 10:40	0.208		3.58	2.1	3.2	22	0.44	3.32	0.57	1.45	6	27.7	53		7.18	< 1	210	0.806	1.77	1.41	1.2	14.3	3.3	160	3.5	2.7	0.77	0.51													
40365	Nidelva(Tr.heim)	02.10.2023 17:20	0.216		3.95	2.11	3.7	28	0.48	3.42	0.64	1.53	5	34.6	82		7.18	3	305	0.991	2.11	1.47	4	11	3.6	200	5.7	6.1	5.84	1.2	< 0.002	0.12	< 0.003	< 0.003	0.37	0.85	1.07	0.69	1	0.78	0.068	0.013	0.81
40365	Nidelva(Tr.heim)	06.11.2023 12:00	0.21		3.84	2.25	3	20	0.45	3.4	0.62	1.54	< 2	17.9	101		7.07	< 1	117	0.94	1.96	1.4	< 0.7	5.1	3	180	3	2.1	< 0.5	0.37													
40365	Nidelva(Tr.heim)	04.12.2023 11:30	0.192		3.72	2.07	2.7	19	0.39	3.16	0.58	1.37	< 2	22.3	104		7.04	< 1	96.6	0.94	1.98	1.38	0.9	2.7	2.9	170	2.8	1.8	0.55	< 0.3													
40372	Pasvikelva	01.01.2023 14:30	0.243	210	2.97	1.34	2.9	12	0.38	3.2	1.04	1.56	14	10.3		57	7.06	< 1	198	2.86	5.92	2.88	0.7	3	2.8	150	2	2	< 0.39	< 0.3													
40372	Pasvikelva	05.02.2023 15:40	0.242	224	2.86	1.01	2.7	12	0.36	3.24	1.02	1.46	3	14.4		49	7.03	< 1	102	2.84	5.96	2.09	0.4	3.1	2.7	140	2	1.5	< 0.28	< 0.3	< 0.002	0.049	< 0.003		0.093	0.37	0.343		0.64		0.006		0.35
40372	Pasvikelva	06.03.2023 07:30	0.239	224	2.94	1.1	2.7	12	0.37	3.2	1.03	1.5	4	9.66		58	7	< 1	53.6	2.77	5.99	2.27	< 0.9	3.1	2.7	130	2	1.4	< 0.33	< 0.3													
40372	Pasvikelva	10.04.2023 13:15	0.219	194	2.62	2.94	2.5	10	0.39	3.62	1.02	2.43	7	21.7		66	6.97	< 1	140	2.39	5.56	2.33	< 0.8	1	2.5	180	2.5	1.6	0.8	< 0.3													
40372	Pasvikelva	01.05.2023 15:45	0.235	213	2.73	1.15	3	13	0.41	3.16	0.98	1.54	< 2	15.6		37	7.12	1	153	2.47	5.63	2.21	1	0.5	2.9	160	4.3	2.7	0.5	< 0.3	< 0.002	0.053	< 0.003		0.13	0.59	0.584		1.48		0.016		1.5
40372	Pasvikelva	05.06.2023 10:00	0.252	239	3.44	1.39	4	21	0.42	3.67	1.06	1.72	< 2	36.2		< 2	7.21	3	498	2.09	5.01	3.15	7.5	7.1	4.2	180	11	7.4	7.19	1.2													
40372	Pasvikelva	03.07.2023 09:03	0.241	225	2.94	1.31	3.4	17	0.47	3.33	1.04	1.68	< 2	53.2		< 2	7.12	1	203	2.21	4.75	2.64	1.2	14.9	3.6	170	5.5	4.5	0.93	0.41													
40372	Pasvikelva	07.08.2023 08:10	0.248	231	3.07	1.15	2.9	12	0.41	3.37	1.06	1.6	< 2	21.8		9	7.26	< 1	154	2.09	4.58	2.71	1	18	2.9	120	3.4	3.6	< 1	0.38	< 0.002	0.058	< 0.003		0.1	0.76	0.47		3.42		0.009		0.24
40372	Pasvikelva	04.09.2023 12:45	0.221		2.95	1.04	3	14	0.41	3.27	1.03	1.52	< 2	31.8	< 1		7.18	1	196	2.22	4.9	2.31	1.3	14	3.4	130	4.8	4.4	1.15	0.52													
40372	Pasvikelva	03.10.2023 13:30	0.259		3.61	1.2	4.8	29	0.61	3.78	1.14	1.6	6	44.5	12		6.84	5	368	2.8	5.96	2.28	0.8	5.6	4.7	200	12	9.3	1.11	0.73	< 0.002	0.21	0.011		0.2	3.09	0.99		5.05		0.029		2.4
40372	Pasvikelva	13.11.2023 08:55	0.23		2.83	1.04	3.5	16	0.41	3.32	1.05	1.52	7	17.7	38		7.1	< 1	109	2.85	6.05	2.07	0.7	3.1	3.4	150	3.2	2.6	< 0.47	0.35													
40372	Pasvikelva	08.12.2023 11:10	0.219		3.08	1.03	2.9	14	0.39	3.26	1.05	1.55	7	20.5	49		7.02	< 1	135	2.84	6	2.25	1.3	3.1	3.1	140	3.1	1.7	< 0.28	< 0.3													
40373	Tanaelva	10.01.2023 13:30	0.431	400	5.79	2.1	2.1	11	0.71	5.67	1.76	2.38	< 2	14.3		55	7.11	< 1	248	5	11	4.41	< 0.6	0	2	120	2	1.4	< 0.33	< 0.3													
40373	Tanaelva	06.02.2023 14:30	0.46	418	6.08	2.55	1.8	11	0.78	6.21	1.8	2.6	7	20.2		72	7.21	< 1	96	5.11	12	4.29	1.3	0	1.8	150	3	1.9	< 0.45	< 0.3	< 0.002	0.04	< 0.003		0.25	0.27	0.509		0.26		0.007		0.64
40373	Tanaelva	13.03.2023 14:30	0.486	446	6.58	2.47	1.7	11	0.87	6.48	1.89	2.65	3	8.12		95	7.14	< 1	53.6	5.15	11.8	4.75	< 0.8	0	1.7	140	2.1	1	< 0.5	< 0.3													
40373	Tanaelva	13.04.2023 12:00	0.487	458	6.43	6.25	1.8	8	1.07	7.86	2.3	5.01	< 2	31.1		85	7.25	< 1	141	4.41	11.2	5.5	1.3	0.1	1.8	230	2.6	1.9	0.81	< 0.3													
40373	Tanaelva	08.05.2023 11:30	0.392	373	4.98	2.88	3.5	24	0.83	5.44	1.59	2.72	< 2	19.9		< 2	7.28	2	164	3.27	7.62	3.09	0.4	0.5	3.4	130	5.6	4	0.74	0.4	< 0.002	0.056	< 0.003		0.26	0.45	1.07		0.38		0.015		0.39
40373	Tanaelva	05.06.2023 12:00	0.25	231	3.15	1.98	3.2	24	0.51	3.62	1	1.94	< 2	58.5		< 2	7.09	3	357	2.45	5.56	2.41	6.7	8.1	3.5	130	7.6	5.9	3.13	0.47													
40373	Tanaelva	03.07.2023 11:30	0.353	312	4.38	2.73	1.9	10	0.67	4.94	1.32	2.61	< 2	45.5		< 2	7.38	1	118	2.69	5.7	3.31	< 0.8	14.4	2	95	3.3	2.7	0.53	< 0.3													
40373	Tanaelva	16.08.2023 12:15	0.332	318	4.09	1.94	4.2	27	0.6	4.34	1.25	2.26	< 2	21.5		< 2	7.34	2	223	2.73	5.79	2.27	1.1	16.6	4.3	160	5	4.1	1.07	0.55	< 0.002	0.026	< 0.003		0.31	0.47	1.11		0.41		0.012		0.38
40373	Tanaelva	04.09.2023 12:30	0.28		3.84	1.86	4.4	30	0.55	4.18	1.25	2.19	< 2	35.3	3		7.27	1	228	3.05	6.6	2.33	1.5	13.1	4.4	150	4.4	3.9	1.32	0.47													
40373	Tanaelva	10.10.2023 13:00	0.272		4.04	2.16	4	27	0.51	4.37	1.35	2.22	< 2	15.7	20		7.08	1	124	3.39	7.48	2.92	< 0.8	1.7	4.1	140	3.5	2.1	< 0.67	0.48	< 0.002	0.034	< 0.003		0.28	0.38	0.82		0.4		0.009		0.35
40373	Tanaelva	06.11.2023 13:30	0.386		5.54	7.19	3	18	0.86	7.68	1.97	5.71	< 2	19.2	64		7.35	1	205	4.49	9.9	4.09	1	0	3	140	3.6	2.9	0.7	0.54													
40373	Tanaelva	04.12.2023 13:30	0.375		5.61	2.07	2.3	14	0.72	5.62	1.65	2.46	11	19	59		7.27	1	148	4.83	11.1	3.98	0.9	0	2.4	140	3	1.9	0.68	0.6													
40374	Vosso(Bolstadelvi)	02.01.2023 13:35	0.073	42	0.888	1.78	1	9	0.22	1.41	0.26	1.12	7	9.8		120	6.43	< 1	207	0.485	1.02	0.94	0.7		1.1	170	4	3	0.47	0.45													
40374	Vosso(Bolstadelvi)	06.02.2023 11:30	0.077	52	1.03	2.16	1.3	10	0.28	1.68	0.32	1.33	10	15.3		150	6.4	1	132	0.624	1.27	0.91	2		1.4	210	4	3.1	0.46	0.32	< 0.002	0.067	0.005	0.005	0.061	0.36	1.05	0.799	0.33	0.32	0.05	0.024	0.97
40374	Vosso(Bolstadelvi)	06.03.2023 12:30	0.081	49	1.23	3.13	1.2	7	0.29	2.1	0.33	1.74	8	25.8		180	6.48	2	117	0.55	1.23	1.03	1		1.2	220	5.9	2.4	0.44	< 0.3													
40374	Vosso(Bolstadelvi)	11.04.2023 13:00	0.081	51	1.06	2.78	0.99	6	0.29	1.94	0.34	1.58	< 2	25		110	6.5	< 1	127	0.477	1.16	0.97	0.4		1	180	3.2	2.1	0.61	< 0.3													
40374	Vosso(Bolstadelvi)	02.05.2023 11:50	0.093	60	1.3	2.84	1.2	7	0.33	2.12	0.36	1.61	9	25.6		150	6.59	< 1	137	0.577	1.32	1.07	0.4		1.2	230	2.4	2.7	0.78	< 0.3	< 0.002	0.041	0.004	0.003	0.047	0.34	0.758	0.545	0.34	0.33	0.009	0.011	1.8
40374	Vosso(Bolstadelvi)	06.06.2023 10:10	0.069	51	0.957	2.23	1.2	7	0.28	1.67	0.26	1.36	< 2	52.6		87	6.33	< 1	158	0.545	1.22	0.74	2		1.2	160	3.3	2.4	< 0.58	0.36													
40374	Vosso(Bolstadelvi)	03.07.2023 10:56	0.063	34	0.495	1.08	0.66	3	0.17	0.92	0.16	0.75	< 2	37		9	6.43	< 1	144	0.28	0.73	0.45	< 0.6		0.87	79	2.2	2	< 1	< 0.3													
40374	Vosso(Bolstadelvi)	07.08.2023 10:00	0.069	39	0.608	1.02	0.9	5	0.17	1	0.17	0.75	6	27.8		25	6.52	< 1	197	0.289	0.66	0.58	0.7		0.96	85	2.8	2.2	< 1	< 0.3	< 0.002	0.029	0.003	< 0.003	0.031	0.29	0.6	0.47	0.23	0.21	0.057	0.018	0.61
40374	Vosso(Bolstadelvi)	05.09.2023 12:50	0.065		0.73	0.94	1.8	13	0.19	1.11	0.2	0.84	5	22.9	60		6.51	1	166	0.443	0.96	0.65	< 1.3		1.7	130	3	3.8	< 0.67	0.31													
40374	Vosso(Bolstadelvi)	02.10.2023 11:40	0.072		0.871	1.06	1.9	14	0.31	1.26	0.25	0.9	6	16.1	87		6.48	2	177	0.558	1.23	0.69	< 1.3		1.9	170	3.8	3.5	0.88	0.64	< 0.002	0.11	0.004	0.004	0.068	0.46	1.06	0.8	0.29	0.29	0.085	0.022	0.92
40374	Vosso(Bolstadelvi)	06.11.2023 11:15	0.074		0.944	1.6	1.5	9	0.26	1.49	0.3	1.06	< 2	19.1	113		6.5	< 1	111	0.535	1.13	0.78	< 0.7		1.5	170	2.3	2.4	0.42	0.38													
40374	Vosso(Bolstadelvi)	05.12.2023 11:45	0.067		0.894	1.51	1	6	0.21	1.39	0.26	1.02	< 2	14.4	99		6.44	< 1	114	0.43	0.94	0.8	1		1.1	140	2.8	2.2	0.4	< 0.3													
40375	Driva	09.01.2023 09:00	0.231	204	4.44	2.5	0.96	4	0.88	4.15	0.54	1.8	11	1.62		220	7.1	< 1	158	1.62	3.36	3.67	0.8	0.5	0.92	270	2	1	0.35	< 0.3													
40375	Driva	06.02.2023 10:00	0.238	216	4.78	3.09	0.94	4	0.93	4.55	0.61	2.21	2	6.06		280	6.99	< 1	59.7	2.13	3.83	4.09	1	0.9	0.96	320	1	1.1	0.27	< 0.3	< 0.002	0.03	< 0.003	< 0.003	0.15	0.56	< 0.3	0.308	0.17	0.14	0.018	0.011	0.35
40375	Driva	06.03.2023 15:30	0.193	174	3.57	2.78	1.1	4	0.69	3.66	0.48	1.92	3	10.9		160	7.1	< 1	114	1.3	2.89	2.63	< 0.7	0.9	1.1	220	2.5	2.1	0.57	< 0.3													
40375	Driva	11.04.2023 14:00	0.242	202	5.09	5.27	1.2	6	1.07	5.41	0.67	3.01	6	26.4		330	7.09	< 1	82.2	1.72	3.98	4.47	3.3	1.6	1.3	410	3.4	1.3	2.75	< 0.3													
40375	Driva	02.05.2023 11:00	0.271	247	5.48	4.19	1.5	7	1.14	5.26	0.67	2.65	7	31.4		230	7.12	< 1	213	1.14	2.55	4.39	1.3	4.4	1.5	320	2.4	2.3	1.54	0.5	< 0.002	0.046	< 0.003	< 0.003	0.2	0.74	0.574	0.624	0.27	0.24	0.021	0.011	0.38
40375	Driva	06.06.2023 20:00	0.175	142	2.57	1.42	1.5	10	0.61	2.6	0.31	1.05	< 2	27.5		31	7.06	7	387	1.09	2.43	1.46	8	5.7	1.5	130	11	7.7	5.02	2.1													
40375	Driva	03.07.2023 20:00	0.169	142	2.53	0.87	1.5	10	0.57	2.3	0.29	0.93	< 2	30.6		10	7.08	2	116	1.07	2.33	1.81	3.6	12.3	1.6	110	4.9	3.1	2.73	0.67													
40375	Driva	02.08.2023 10:00	0.216	188	3.29	0.88	1.6	9	0.66	2.5	0.37	1.05	< 2	23.5		16	7.2	2	208	1.32	2.84	2.09	2	14	1.6	110	3.9	3.6	2.62	0.52	0.011	0.096	< 0.003	< 0.003	0.23	0.77	0.77	0.55	0.23	0.17	0.032	0.012	0.63
40375	Driva	04.09.2023 20:30	0.225		4.15	1.29	1.5	8	0.88	3.64	0.46	1.41	3	21	143		7.25	2	81	1.6	3.51	2.81	< 0.8	12.5	1.7	210	3.3	2.3	2.39	0.64													
40375	Driva	02.10.2023 11:00	0.221		4.22	1.26	1.2	5	0.86	3.66	0.46	1.33	< 2	14.8	113		7.15	1	80.6	1.45	3.08	2.97	0.8	10.2	1.1	150	1.2	1.4	< 1	0.36	< 0.002	< 0.025	< 0.003	< 0.003	0.14	0.57	0.41	< 0.3	0.18	0.17	0.008	0.007	0.2
40375	Driva	06.11.2023 19:30	0.204		4.05	1.98	1.2	5	0.77	3.61	0.47	1.54	< 2	26.6	175		7.11	< 1	200	1.46	2.96	2.77	1	6.1	1.2	210	2	< 2	1.29	0.54													
40375	Driva	04.12.2023 11:00	0.183		3.53	1.99	1.1	4	0.66	3.31	0.44	1.53	< 2	11.1	149		7.07	< 1	65.6	1.31	2.81	2.57	< 0.6	0.7	1.1	180	2.6	1.3	0.41	< 0.3													
40383	Bjerkreimselva	02.01.2023 13:00	0.075	35	1.27	6.62	1.6	12	0.31	3.4	0.57	3.64	8	20.7		320	6.37	1	278	0.806	1.74	1.52	0.6		1.7	410	5	4	0.68	0.34													
40383	Bjerkreimselva	07.02.2023 10:00	0.095	55	2.29	9.53	1.4	9	0.87	5.29	0.79	5.48	9	14.9		910	6.05	< 1	121	1.4	3.15	2.44	< 0.8	7.1	1.5	1000	3	2.5	0.34	< 0.3	< 0.002	0.096	0.017		0.05	0.24	1.01		0.4		0.116		2.9
40383	Bjerkreimselva	09.05.2023 19:27	0.125	107	1.86	7.89	2.1	12	0.38	4.55	0.73	5.09	< 2	26.7		210	6.78	1	251	0.757	1.66	1.88	0.6	10.5	2	370	4.6	4	0.72	0.36	< 0.002	0.087	0.014		0.054	0.46	1.39		0.19		0.209		2.4
40383	Bjerkreimselva	06.06.2023 10:52	0.082	62	1.14	4.76	1.4	9	0.22	2.91	0.53	2.92	8	21.6		190	6.67	1	326	0.539	1.19	1.1	1.2	15.3	1.5	290	4	3.5	0.68	< 0.3													
40383	Bjerkreimselva	04.07.2023 12:20	0.097	68	1.54	5.59	2.1	14	0.48	3.58	0.62	3.48	< 2	41.1		450	6.43	3	230	0.738	1.64	1.6	1.4	17.6	2.3	700	11	5.9	0.93	0.54													
40383	Bjerkreimselva	22.08.2023 12:00	0.084	59	1.15	4.62	2.2	15	0.28	2.75	0.5	2.87	< 2	32.8		230	6.6	1	235	0.554	1.27	1.18	0.6	18.7	2.3	370	4.9	3.6	0.76	0.54	< 0.002	0.073	0.011		0.058	0.26	1.09		0.13		0.13		1.5
40383	Bjerkreimselva	18.09.2023 10:30	0.089		1.46	4.7	2.3	17	0.33	3.2	0.6	3.06	13	45.6	355		6.64	1	294	0.783	1.73	1.36	2.3	14.7	2.3	470	5.2	4.1	1.11	0.65													
40383	Bjerkreimselva	17.10.2023 13:00	0.068		1.22	5.05	2.2	16	0.32	2.98	0.53	3.07	< 2	22.9	385		6.4	1	144	0.712	1.64	1.24	0.8	9	2.2	480	4.2	3	< 0.5	0.39	< 0.002	0.13	0.014		0.077	0.51	1.14		0.25		0.171		2.8
40383	Bjerkreimselva	20.11.2023 12:00	0.131		2.42	9.56	2	15	0.45	5.58	0.96	6.01	< 2	23	435		6.72	1	207	1.66	3.8	2.22	0.6	10.2	2	520	3.4	2.4	0.94	0.48													
40383	Bjerkreimselva	13.12.2023 12:20	0.088		1.6	5.72	1.6	11	0.37	3.55	0.66	3.48	26	66.6	425		6.54	2	599	0.952	2.17	1.58	4.5	3	1.8	550	8.9	7.6	2.34	0.69													
40387	Vikedalselva	02.01.2023 09:20	0.073	33	1.11	4.37	1.1	7	0.22	2.45	0.47	2.33	9	45.8		220	6.37	2	552	0.494	1.03	1.4	0.6		1.1	260	4.5	4	6.38	0.35													
40387	Vikedalselva	06.02.2023 09:00	0.09	58	1.6	4.77	1	7	0.32	3	0.55	2.6	7	< 9.29		340	6.5	1	138	0.612	1.26	1.44	< 1		1.1	380	3	2.2	0.77	< 0.3	< 0.002	0.17	0.013		0.041	0.4	0.736		0.4		0.087		2.2
40387	Vikedalselva	06.03.2023 09:30	0.102	72	1.83	4.74	0.98	6	0.31	3.16	0.51	2.75	6	< 12.5		290	6.61	1	106	0.635	1.44	1.63	0.8	3	0.99	340	2.3	1.8	0.3	< 0.3													
40387	Vikedalselva	11.04.2023 08:00	0.071	40	1.07	4.16	1.2	9	0.2	2.34	0.4	2.37	2	26.8		170	6.32	< 1	169	0.44	1.04	1.22	2.7		1.3	240	2.4	2.2	0.81	< 0.3													
40387	Vikedalselva	02.05.2023 08:30	0.075	50	1.09	3.98	1.2	8	0.31	2.41	0.42	2.34	< 2	30.2		150	6.47	< 1	206	0.452	1.01	1.23	0.7		1.3	240	2.2	2.4	0.51	< 0.3	< 0.002	0.18	0.009		0.041	0.37	1.07		0.29		0.099		1.9
40387	Vikedalselva	05.06.2023 08:10	0.072	49	0.914	3.48	1	5	0.21	2.15	0.39	2.13	< 2	< 14.1		93	6.56	< 1	244	0.359	0.78	1.06	0.6		1	150	1.6	1.5	< 0.5	< 0.3													
40387	Vikedalselva	03.07.2023 08:50	0.071	49	0.808	3.18	1.2	6	0.2	1.99	0.36	2.01	< 2	44		40	6.53	2	232	0.225	0.54	1.02	1.2		1.3	160	2.8	2.8	0.65	< 0.3													
40387	Vikedalselva	07.08.2023 08:30	0.102	78	1.42	3.04	1.5	8	0.33	2.49	0.45	2.12	< 2	33.9		240	6.78	< 1	146	0.357	0.83	1.35	< 0.7		1.5	330	2.9	2.8	< 1	< 0.3	< 0.002	0.23	0.005		0.05	0.4	0.83		0.23		0.173		0.71
40387	Vikedalselva	04.09.2023 08:30	0.087		1.29	2.63	3	21	0.3	2.23	0.4	1.9	< 2	22.1	185		6.65	2	280	0.425	0.94	1.17	< 1		3.1	300	5.1	3.6	1.03	0.49													
40387	Vikedalselva	02.10.2023 07:40	0.073		0.851	2.39	2.2	15	0.24	1.82	0.34	1.65	9	60.1	139		6.48	2	380	0.391	0.87	0.99	1.5		2	250	4.1	3.7	< 1	0.51	< 0.002	0.18	0.01		0.069	0.51	1.4		0.32		0.173		3.3
40387	Vikedalselva	06.11.2023 08:40	0.09		1.47	3.69	1.2	8	0.33	2.68	0.53	2.34	< 2	13.9	230		6.68	< 1	142	0.597	1.26	1.49	0.7		1.2	280	3	2.4	0.47	0.35													
40387	Vikedalselva	04.12.2023 09:30	0.097		1.71	3.73	1.1	6	0.32	2.84	0.52	2.41	< 2	31.4	270		6.63	< 1	161	0.662	1.42	1.74	< 0.8		1.2	310	2.1	1.9	< 0.5	< 0.3													
40391	Nausta	09.01.2023 10:15	0.057	0	0.594	3.77	2.3	20	0.24	1.69	0.3	1.8	5	23.4		160	5.95	2	271	0.811	1.71	0.99	1	0.4	2.3	200	6	3	0.83	0.47													
40391	Nausta	07.02.2023 11:30	0.058	27	0.768	4.48	1.8	15	0.39	2.25	0.41	2.3	6	17.6		160	6.15	5	152	0.851	1.73	0.85	3.1	1.3	1.8	220	8.4	3.6	1.13	< 0.3	< 0.002	0.03	0.004	0.004	0.057	0.24	1.06	0.876	0.13	0.13	0.061	0.04	1.5
40391	Nausta	07.03.2023 11:30	0.069	47	1.09	5.98	1.2	7	0.39	2.99	0.62	3.03	4	11.3		110	6.35	< 1	96.2	0.91	2.03	1.15	< 0.5	0	1.2	160	1.8	1.5	< 0.5	< 0.3													
40391	Nausta	11.04.2023 09:45	0.066	50	0.831	4.35	2.4	22	0.34	2.27	0.44	2.42	< 2	31.3		60	6.27	3	154	0.759	1.8	0.71	2.3	2.9	2.5	150	6.3	3.3	1.73	< 0.3													
40391	Nausta	02.05.2023 09:40	0.068	45	0.772	3.75	2.1	18	0.32	2.08	0.38	2.15	6	22		56	6.36	< 1	159	0.574	1.4	0.78	0.6		2.1	160	2.6	2.2	0.52	< 0.3	< 0.002	0.033	0.005	0.003	0.049	0.22	1.13	0.881	0.13	0.11	0.041	0.036	1.1
40391	Nausta	05.06.2023 09:45	0.052	28	0.402	2.3	1	8	0.18	1.28	0.22	1.4	< 2	19.3		< 2	6.21	< 1	253	0.317	0.69	0.5	1.6	8.2	1.1	56	2.4	1.9	0.58	< 0.3													
40391	Nausta	03.07.2023 09:45	0.057	33	0.36	1.45	1.2	8	0.14	1.01	0.2	1.04	< 2	43.2		< 2	6.32	1	214	0.153	0.38	0.46	< 0.8	13.4	1.3	70	2.3	2.2	0.64	< 0.3													
40391	Nausta	07.08.2023 11:00	0.07	48	0.52	1.54	1.8	15	0.22	1.23	0.25	1.19	< 2	38.4		< 2	6.58	1	218	0.26	0.57	0.58	0.7	14.8	1.8	120	4.6	3.7	< 1	< 0.3	< 0.002	< 0.025	< 0.003	< 0.003	0.042	0.2	0.91	0.72	0.079	0.078	0.041	0.03	0.41
40391	Nausta	05.09.2023 09:40	0.057		0.373	0.86	4.1	38	0.14	0.86	0.16	0.94	< 2	64.8	40		6.07	7	576	0.504	1.09	0.37	4.1	12.6	4.3	180	15	11	4.67	0.89													
40391	Nausta	02.10.2023 10:00	0.053		0.448	1.23	2.9	27	0.2	1.05	0.22	1.01	< 2	21.8	48		6.16	3	169	0.501	1.11	0.42	< 1.3	9.9	3	140	5.4	3.5	< 1	0.34	< 0.002	0.033	< 0.003	< 0.003	0.052	0.26	1.21	1.09	0.11	0.1	0.052	0.05	1.4
40391	Nausta	06.11.2023 11:00	0.07		0.77	2.03	1.4	10	0.3	1.63	0.4	1.41	< 2	15.3	134		6.52	< 1	92.6	0.799	1.72	0.8	< 0.5	0.1	1.4	180	2.4	1.6	< 0.33	< 0.3													
40391	Nausta	04.12.2023 11:00	0.081		1.08	2.65	1.4	9	0.4	2.11	0.44	1.78	< 2	16.2	195		6.35	2	113	1.17	2.45	1.12	1	-0.2	1.4	230	3.8	1.8	0.3	< 0.3													
40411	Veg†rdselva	11.01.2023 09:00	0.086	83	1.54	5.21	5.4	42	0.33	3.44	0.43	3.35	16	39.8		130	6.2	4	412	1.59	3.29	1.32	3.7		5.3	330	10	7	5.09	3.5													
40411	Veg†rdselva	08.02.2023 08:45	0.076	49	1.43	4.51	4.9	39	0.27	2.67	0.41	2.46	18	19.3		130	6.21	1	214	1.57	3.07	1.63	1.4		4.9	290	4	3	0.77	0.68	< 0.002	0.18	0.033		0.2	0.55	1.93		0.45		0.332		6.1
40411	Veg†rdselva	07.03.2023 08:45	0.085	83	1.59	3.7	5.1	39	0.27	2.63	0.43	2.44	16	23.4		120	6.33	1	245	1.47	3.17	1.51	1.3		5.1	290	4.2	2.4	0.9	0.85													
40411	Veg†rdselva	11.04.2023 09:00	0.088	73	1.56	3.89	5	38	0.3	2.69	0.39	2.48	22	47.2		130	6.45	1	317	1.39	3.13	1.6	1.2		5.1	320	6.9	4.3	1.49	0.79													
40411	Veg†rdselva	02.05.2023 08:30	0.076	68	1.23	2.83	4.8	35	0.29	2.17	0.33	2.01	12	37.5		110	6.29	1	320	1.21	2.69	1.33	1.3		4.9	310	4.6	1.2	1.29	0.76	< 0.002	0.18	0.033		0.18	0.58	2.14		0.41		0.351		5.7
40411	Veg†rdselva	06.06.2023 10:00	0.107	91	1.62	3.13	4.4	21	0.31	2.5	0.36	2.12	< 2	37.8		30	6.7	2	501	0.408	0.94	1.42	2		4.4	220	5.7	4.6	1.83	0.87													
40411	Veg†rdselva	03.07.2023 08:00	0.131	126	2.12	7.46	3.8	20	0.48	4.22	0.71	4.66	< 2	75.8		< 2	6.72	2	474	0.304	0.73	2.06	2.6		4.1	240	7.6	5.3	2.35	1.2													
40411	Veg†rdselva	09.08.2023 08:30	0.136	130	2.26	8.72	5.1	26	0.48	5.28	0.82	5.43	< 2	48.2		25	6.81	2	363	0.704	1.64	2.46	2.2		5.1	270	6.9	5.4	1.26	0.96	< 0.002	0.24	0.017		0.17	0.71	1.32		0.43		0.199		3.1
40411	Veg†rdselva	05.09.2023 08:00	0.103		1.89	2.79	6.5	39	0.31	2.52	0.39	2.08	8	47.5	39		6.42	2	506	0.945	2.07	1.43	2.3		6.6	270	6.2	4.8	1.79	1.3													
40411	Veg†rdselva	02.10.2023 08:00	0.099		1.89	3.06	7.5	52	0.36	2.71	0.44	2.15	18	52.4	74		6.59	2	490	1.26	2.67	1.43	1.6		7.3	340	7	5	1.92	1.1	0.011	0.36	0.032		0.25	0.8	2.05		0.62		0.423		6
40411	Veg†rdselva	07.11.2023 09:00	0.079		1.58	3.27	7.6	57	0.39	2.52	0.45	2.22	7	51	125		6.26	5	483	1.55	3.17	1.38	5.8		7.7	380	15	11	6.07	4.5													
62167	Alna	02.01.2023 12:15	1.24	809	29.7	134	3.6	21	2.05	54.5	4.95	70.5	180	99.8		750	7.82	52	912	3.57	7.85	17.6	13.2	2.5	3.7	1200	67	33	11.8	11													
62167	Alna	06.02.2023 11:50	1.36	-385	33	288	4.3	16	2.38	96.3	5.26	138	330	158		650	7.8	79	1650	3.56	7.7	17.2	11.3	2	6.2	1400	120	55	11.8	6.2	0.081	0.63	0.044		0.48	3.08	2.58		0.86		0.584		14.6
62167	Alna	06.03.2023 11:45	1.59	1405	38.3	140	2.9	15	2.83	65.3	6.65	78.2	370	88.4		950	7.95	53	666	3.23	8.1	24.5	3.4	1.5	2.9	1500	78	34	5.01	3.9													
62167	Alna	11.04.2023 11:25	1.24	1135	27.3	111	4	24	2.38	54.5	4.69	65.9	220	130		890	7.72	93	1350	4.35	11.7	16.6	53.3	4.3	4.1	1600	155	84	117	21													
62167	Alna	02.05.2023 12:20	1.34	1275	28.7	74.1	4.1	24	2.27	43.1	4.77	44.7	< 2	158		640	7.79	41	1140	2.68	6.89	20	10.2	6.3	4.3	1200	48	30	8.47	5.3	0.004	0.28	0.037		0.46	2.82	1.96		0.94		0.506		10.2
62167	Alna	05.06.2023 11:35	2.08	2030	44.5	81.2	3.4	12	3.46	52.6	6.99	46	< 2	110		1230	7.97	53	868	2.69	5.51	22.9	5.4	12	3.5	2000	90	45	5.64	3.1													
62167	Alna	03.07.2023 11:30	1.78	1698	35.9	83.3	4.4	20	3.51	50.3	6.17	51.2	< 2	113		1130	7.96	96	951	3.24	7.1	23.4	7.8	14	4.4	2100	124	55	8.03	8.6													
62167	Alna	09.08.2023 11:15	1.13	1090	21.4	32.1	6.5	37	2.12	26.3	3.32	23.2	< 2	131		450	7.83	38	1230	3.37	6.35	18.1	30.3	14.6	7	1300	75	48	33.9	12	0.002	0.58	0.08		1.27	5.89	5.23		2.03		1.93		21.6
62167	Alna	04.09.2023 11:45	1.63		36.3	50.5	5.6	28	3.24	40.6	5.73	32.8	< 2	108	1300		8.04	66	889	3.12	7.9	27.1	6.6	13.3	5.5	1900	93	40	6.95	4.5													
62167	Alna	02.10.2023 11:10	1.55		33.9	44.7	4.8	24	2.8	36.9	5.3	29	75	68.3	1060		8.04	44	527	3.26	7.23	22.4	5.3	11.9	5.1	1500	57	30	5.39	3.9	< 0.002	0.38	0.033		0.37	3.23	1.95		0.95		0.43		8.4
62167	Alna	06.11.2023 11:50	1.16		26.2	50.5	5.9	33	2.2	34.1	4	32.1	74	67.7	830		7.76	35	636	3.44	7.21	19	12.6	6.4	6.1	1300	49	24	13.2	7.2													
62167	Alna	04.12.2023 11:00	1.68		39.5	68.2	4.1	16	3.02	44.8	6.2	39.5	2	77.4	1080		7.8	67	550	3.49	8.1	23	3.7	0.1	4.2	2200	87	32	3.28	3.7													
69594	M†lselva v/gml E6-brua	02.01.2023 10:00	0.61	554	10.2	2.13	1	3	0.92	8.13	1.81	1.7	96	107		82	7.45	1	775	1.36	2.87	6.49	2.3	0	1.5	360	4.3	3.9	1.68	0.68													
69594	M†lselva v/gml E6-brua	06.02.2023 09:00	0.499	467	8.15	2.89	1.3	4	1.2	6.9	1.56	2.11	64	119		59	7.38	6	743	1.31	2.66	5.02	2	0	1.3	1000	12	9.6	2.82	0.92	< 0.002	0.051	0.019		0.48	2.13	0.538		0.67		0.317		16.5
69594	M†lselva v/gml E6-brua	06.03.2023 11:45	0.357	339	5.9	12.7	2	4	1.18	9.62	1.85	7.33	67	83.8		56	7.22	8	617	0.733	1.9	4.52	6.2	0	2.7	750	14	10	3.22	1.4													
69594	M†lselva v/gml E6-brua	11.04.2023 11:30	0.234	146	3.09	11.5	0.95	2	0.76	6.96	1.19	6.22	150	149		96	6.99	2	846	0.384	0.93	3.1	1.8	0	1.6	790	7.9	8.9	1.75	1.2													
69594	M†lselva v/gml E6-brua	02.05.2023 09:30	0.626	571	10.1	3.4	2	9	0.93	8.25	1.79	2	< 2	41.2		18	7.59	4	209	1.23	2.89	4.49	3.7	1	2	140	5.8	5.9	3.15	1.6	< 0.002	0.055	< 0.003		0.2	0.56	0.643		0.48		0.056		0.66
69594	M†lselva v/gml E6-brua	05.06.2023 09:15	0.62	557	10	2.5	1.5	7	0.77	8.45	1.54	1.57	< 2	13.9		4	7.72	3	236	1.05	2.45	4.12	3	5.5	1.5	100	4.8	4.2	4.51	1.2													
69594	M†lselva v/gml E6-brua	03.07.2023 08:30	0.499	448	8.12	2.06	0.62	3	0.73	6.23	1.31	1.41	< 2	37.9		< 2	7.48	2	110	0.818	1.85	4.18	2.6	9.2	0.68	59	3	3.1	1.97	0.96													
69594	M†lselva v/gml E6-brua	07.08.2023 09:30	0.526	483	8.65	1.5	0.68	< 2	0.82	6.67	1.43	1.3	< 2	12.9		6	7.64	2	82.3	0.839	1.79	4.84	1.7	14.2	0.69	82	2	2.8	2.76	0.86	< 0.002	< 0.025	< 0.003		0.13	0.49	< 0.3		0.37		0.042		0.58
69594	M†lselva v/gml E6-brua	04.09.2023 11:30	0.473		8.79	1.52	0.89	4	0.81	6.94	1.54	1.38	< 2	25.1	23		7.61	1	110	0.899	1.87	5.43	1.7	12.6	0.92	66	2.5	2.1	1.33	0.46													
69594	M†lselva v/gml E6-brua	02.10.2023 12:30	0.609		11.7	1.74	1.1	6	0.95	8.84	1.89	1.49	< 2	12	40		7.72	2	88.1	1.11	2.35	7.04	1.4	7.4	1.2	84	2.4	2.1	1.12	0.64	< 0.002	< 0.025	< 0.003		0.15	0.41	0.33		0.39		0.04		0.34
69594	M†lselva v/gml E6-brua	06.11.2023 11:30	0.693		13.6	1.78	0.86	3	1.02	10	2.12	1.49	< 2	< 21	78		7.68	< 1	< 129	1.47	3.05	8.33	< 0.8	0	1.1	100	1.2	1	0.34	0.45													
69594	M†lselva v/gml E6-brua	04.12.2023 10:30	0.476		9.29	2.32	1.4	4	0.87	7.24	1.66	1.82	48	73.7	69		7.4	3	449	1.22	2.6	6	1.8	0	1.3	240	5.7	3.7	1.03	1.2													
73695	Vorma nedstr Svanfoss	02.01.2023 10:40	0.295	283	6.65	2.51	2.2	12	0.69	5.18	0.94	1.62	14	22.3		510	7.25	5	327	1.83	2.93	5.12	24.6	1.3	2.2	580	19	9	9.72	1.2													
73695	Vorma nedstr Svanfoss	06.02.2023 11:45	0.309	282	6.14	2.1	2	10	0.67	5.26	1.03	1.47	19	72.5		470	7.27	4	562	1.54	3.11	4.67	40.9	1.3	2	550	9.9	6.9	7.14	0.35	< 0.002	0.15	0.01		0.15	1.17	1.66		0.71		0.214		1.4
73695	Vorma nedstr Svanfoss	07.03.2023 12:20					2.3	12		5.57			17			430	7.32	9						0.8	2.4	540	12		29.4	3													
73695	Vorma nedstr Svanfoss	11.04.2023 12:30					2.6	16		6.62			180			660	7.2	43						4.3	2.7	1000	63		18.4	14													
73695	Vorma nedstr Svanfoss	02.05.2023 14:20					2.3	10		5.61			6			570	7.35	31						6.8	2.5	760	32		10.3	3.1													
73695	Vorma nedstr Svanfoss	05.06.2023 11:10					2.2	11		4.75			< 2			320	7.32	2						8.9	2.3	470	5.8		1.09	0.4													
73695	Vorma nedstr Svanfoss	10.07.2023 12:30					2.1	11		3.99			< 2			130	7.29	2						18.6	2.2	370	6		22.4	1.3													
73695	Vorma nedstr Svanfoss	09.08.2023 11:10					3.3	20		3.99			< 2			210	7.21	10						15.9	3.4	450	16		13.4	5.7													
73695	Vorma nedstr Svanfoss	05.09.2023 12:40					2.6	14		4.26			< 2		380		7.17	13						10.8	2.5	480	21		9.1	1.7													
73695	Vorma nedstr Svanfoss	03.10.2023 13:50					2.9	17		4.38			< 2		375		7.26	4						10.6	3	480	5.9		4.65	0.87													
73695	Vorma nedstr Svanfoss	07.11.2023 13:10					3.9	27		5.14			4		520		7.14	11						6	4	670	16		8.12	8.4													
73695	Vorma nedstr Svanfoss	04.12.2023 12:00					2.6	12		4.85			< 2		440		7.19	3						1.1	2.6	540	5.9		1.78	0.65													
73696	Leira v/Kr†kfoss	02.01.2023 11:50	0.437	431	9.59	10.2	4.7	33	1.04	10.3	1.76	6.44	3	43.9		640	7.31	12	525	3.26	7.04	7.95	10.2	0	4.7	780	17	14	9.42	7													
73696	Leira v/Kr†kfoss	06.02.2023 10:20	0.468	432	9.47	10	4	26	0.73	9.94	1.72	6.17	28	46.3		340	7.31	9	472	3.23	7.5	7.8	20	0.1	4.1	500	14	7.9	11.2	4.9	< 0.002	0.19	0.015		0.29	0.64	1.41		0.75		0.182		4.9
73696	Leira v/Kr†kfoss	07.03.2023 14:10					3.7	24		13.8			34			440	7.41	9						0.1	3.8	620	12		6.49	4.5													
73696	Leira v/Kr†kfoss	11.04.2023 14:00					4.1	31		15			69			1680	7.37	130						0.4	4.3	2300	143		122	61													
73696	Leira v/Kr†kfoss	02.05.2023 15:30					4.9	36		6.29			6			450	7.17	38						3.1	5.1	660	46		40.2	21													
73696	Leira v/Kr†kfoss	05.06.2023 12:20					3.9	25		10.6			< 2			57	7.52	8						15.3	4.1	320	13		4.28	4													
73696	Leira v/Kr†kfoss	10.07.2023 11:15					4.5	33		10.4			< 2			16	7.39	11						18.4	4.6	360	22		6.3	6.3													
73696	Leira v/Kr†kfoss	09.08.2023 09:20					8.9	65		3.21			< 2			200	6.84	221						13.1	12.9	640	274		318	120													
73696	Leira v/Kr†kfoss	05.09.2023 13:45					6.4	45		6.56			6		170		7.29	16						15.1	6.6	380	24		9.18	4.9													
73696	Leira v/Kr†kfoss	03.10.2023 13:45					6.3	46		6.37			3		220		7.27	8						10.5	6.3	420	13		12	3.1													
73696	Leira v/Kr†kfoss	07.11.2023 14:15					6.4	49		6.64			15		1160		7	239						3	6.9	1500	267		180	130													
73696	Leira v/Kr†kfoss	04.12.2023 13:15					4.3	27		14.7			< 2		390		7.38	11						0	4.5	560	16		8.16	12													
